 i  j       f0           f1          f2            f3           f4             f5            f6           f7            f8  
0  0 0.444444444  0.111111111  0.027777778  0.111111111  0.035493827  0.111111111  0.027777778  0.111111111  0.035493827  
1  0 0.444444444  0.111111111  0.027777778  0.111111111  0.027777778  0.111111111  0.027777778  0.111111111  0.027777778  
2  0 0.444444444  0.111111111  0.027777778  0.111111111  0.027777778  0.111111111  0.027777778  0.111111111  0.027777778  
3  0 0.444444444  0.111111111  0.027777778  0.111111111  0.027777778  0.111111111  0.027777778  0.111111111  0.027777778  
4  0 0.444444444  0.111111111  0.027777778  0.111111111  0.027777778  0.111111111  0.027777778  0.111111111  0.027777778  
5  0 0.444444444  0.111111111  0.027777778  0.111111111  0.027777778  0.111111111  0.027777778  0.111111111  0.027777778  
6  0 0.444444444  0.111111111  0.027777778  0.111111111  0.027777778  0.111111111  0.027777778  0.111111111  0.027777778  
7  0 0.444444444  0.111111111  0.020061728  0.111111111  0.027777778  0.111111111  0.020061728  0.111111111  0.027777778  
0  1 0.444444444  0.111111111  0.030349794  0.121399177  0.030349794  0.111111111  0.027777778  0.111111111  0.027777778  
1  1 0.444444444  0.111111111  0.027777778  0.111111111  0.027777778  0.111111111  0.027777778  0.111111111  0.027777778  
2  1 0.444444444  0.111111111  0.027777778  0.111111111  0.027777778  0.111111111  0.027777778  0.111111111  0.027777778  
3  1 0.444444444  0.111111111  0.027777778  0.111111111  0.027777778  0.111111111  0.027777778  0.111111111  0.027777778  
4  1 0.444444444  0.111111111  0.027777778  0.111111111  0.027777778  0.111111111  0.027777778  0.111111111  0.027777778  
5  1 0.444444444  0.111111111  0.027777778  0.111111111  0.027777778  0.111111111  0.027777778  0.111111111  0.027777778  
6  1 0.444444444  0.111111111  0.027777778  0.111111111  0.027777778  0.111111111  0.027777778  0.111111111  0.027777778  
7  1 0.444444444  0.111111111  0.027777778  0.111111111  0.027777778  0.111111111  0.025205761  0.100823045  0.025205761  
0  2 0.444444444  0.111111111  0.030349794  0.121399177  0.030349794  0.111111111  0.027777778  0.111111111  0.027777778  
1  2 0.444444444  0.111111111  0.027777778  0.111111111  0.027777778  0.111111111  0.027777778  0.111111111  0.027777778  
2  2 0.444444444  0.111111111  0.027777778  0.111111111  0.027777778  0.111111111  0.027777778  0.111111111  0.027777778  
3  2 0.444444444  0.111111111  0.027777778  0.111111111  0.027777778  0.111111111  0.027777778  0.111111111  0.027777778  
4  2 0.444444444  0.111111111  0.027777778  0.111111111  0.027777778  0.111111111  0.027777778  0.111111111  0.027777778  
5  2 0.444444444  0.111111111  0.027777778  0.111111111  0.027777778  0.111111111  0.027777778  0.111111111  0.027777778  
6  2 0.444444444  0.111111111  0.027777778  0.111111111  0.027777778  0.111111111  0.027777778  0.111111111  0.027777778  
7  2 0.444444444  0.111111111  0.027777778  0.111111111  0.027777778  0.111111111  0.025205761  0.100823045  0.025205761  
0  3 0.444444444  0.111111111  0.030349794  0.121399177  0.030349794  0.111111111  0.027777778  0.111111111  0.027777778  
1  3 0.444444444  0.111111111  0.027777778  0.111111111  0.027777778  0.111111111  0.027777778  0.111111111  0.027777778  
2  3 0.444444444  0.111111111  0.027777778  0.111111111  0.027777778  0.111111111  0.027777778  0.111111111  0.027777778  
3  3 0.444444444  0.111111111  0.027777778  0.111111111  0.027777778  0.111111111  0.027777778  0.111111111  0.027777778  
4  3 0.444444444  0.111111111  0.027777778  0.111111111  0.027777778  0.111111111  0.027777778  0.111111111  0.027777778  
5  3 0.444444444  0.111111111  0.027777778  0.111111111  0.027777778  0.111111111  0.027777778  0.111111111  0.027777778  
6  3 0.444444444  0.111111111  0.027777778  0.111111111  0.027777778  0.111111111  0.027777778  0.111111111  0.027777778  
7  3 0.444444444  0.111111111  0.027777778  0.111111111  0.027777778  0.111111111  0.025205761  0.100823045  0.025205761  
0  4 0.444444444  0.111111111  0.030349794  0.121399177  0.030349794  0.111111111  0.027777778  0.111111111  0.027777778  
1  4 0.444444444  0.111111111  0.027777778  0.111111111  0.027777778  0.111111111  0.027777778  0.111111111  0.027777778  
2  4 0.444444444  0.111111111  0.027777778  0.111111111  0.027777778  0.111111111  0.027777778  0.111111111  0.027777778  
3  4 0.444444444  0.111111111  0.027777778  0.111111111  0.027777778  0.111111111  0.027777778  0.111111111  0.027777778  
4  4 0.444444444  0.111111111  0.027777778  0.111111111  0.027777778  0.111111111  0.027777778  0.111111111  0.027777778  
5  4 0.444444444  0.111111111  0.027777778  0.111111111  0.027777778  0.111111111  0.027777778  0.111111111  0.027777778  
6  4 0.444444444  0.111111111  0.027777778  0.111111111  0.027777778  0.111111111  0.027777778  0.111111111  0.027777778  
7  4 0.444444444  0.111111111  0.027777778  0.111111111  0.027777778  0.111111111  0.025205761  0.100823045  0.025205761  
0  5 0.444444444  0.111111111  0.030349794  0.121399177  0.030349794  0.111111111  0.027777778  0.111111111  0.027777778  
1  5 0.444444444  0.111111111  0.027777778  0.111111111  0.027777778  0.111111111  0.027777778  0.111111111  0.027777778  
2  5 0.444444444  0.111111111  0.027777778  0.111111111  0.027777778  0.111111111  0.027777778  0.111111111  0.027777778  
3  5 0.444444444  0.111111111  0.027777778  0.111111111  0.027777778  0.111111111  0.027777778  0.111111111  0.027777778  
4  5 0.444444444  0.111111111  0.027777778  0.111111111  0.027777778  0.111111111  0.027777778  0.111111111  0.027777778  
5  5 0.444444444  0.111111111  0.027777778  0.111111111  0.027777778  0.111111111  0.027777778  0.111111111  0.027777778  
6  5 0.444444444  0.111111111  0.027777778  0.111111111  0.027777778  0.111111111  0.027777778  0.111111111  0.027777778  
7  5 0.444444444  0.111111111  0.027777778  0.111111111  0.027777778  0.111111111  0.025205761  0.100823045  0.025205761  
0  6 0.444444444  0.111111111  0.030349794  0.121399177  0.030349794  0.111111111  0.027777778  0.111111111  0.027777778  
1  6 0.444444444  0.111111111  0.027777778  0.111111111  0.027777778  0.111111111  0.027777778  0.111111111  0.027777778  
2  6 0.444444444  0.111111111  0.027777778  0.111111111  0.027777778  0.111111111  0.027777778  0.111111111  0.027777778  
3  6 0.444444444  0.111111111  0.027777778  0.111111111  0.027777778  0.111111111  0.027777778  0.111111111  0.027777778  
4  6 0.444444444  0.111111111  0.027777778  0.111111111  0.027777778  0.111111111  0.027777778  0.111111111  0.027777778  
5  6 0.444444444  0.111111111  0.027777778  0.111111111  0.027777778  0.111111111  0.027777778  0.111111111  0.027777778  
6  6 0.444444444  0.111111111  0.027777778  0.111111111  0.027777778  0.111111111  0.027777778  0.111111111  0.027777778  
7  6 0.444444444  0.111111111  0.027777778  0.111111111  0.027777778  0.111111111  0.025205761  0.100823045  0.025205761  
0  7 0.444444444  0.111111111  0.035493827  0.111111111  0.027777778  0.111111111  0.035493827  0.111111111  0.027777778  
1  7 0.444444444  0.111111111  0.027777778  0.111111111  0.027777778  0.111111111  0.027777778  0.111111111  0.027777778  
2  7 0.444444444  0.111111111  0.027777778  0.111111111  0.027777778  0.111111111  0.027777778  0.111111111  0.027777778  
3  7 0.444444444  0.111111111  0.027777778  0.111111111  0.027777778  0.111111111  0.027777778  0.111111111  0.027777778  
4  7 0.444444444  0.111111111  0.027777778  0.111111111  0.027777778  0.111111111  0.027777778  0.111111111  0.027777778  
5  7 0.444444444  0.111111111  0.027777778  0.111111111  0.027777778  0.111111111  0.027777778  0.111111111  0.027777778  
6  7 0.444444444  0.111111111  0.027777778  0.111111111  0.027777778  0.111111111  0.027777778  0.111111111  0.027777778  
7  7 0.444444444  0.111111111  0.027777778  0.111111111  0.020061728  0.111111111  0.027777778  0.111111111  0.020061728  
 i  j          ro           u             v 
 0  0 1.015432099  0.000000000  0.000000000    
 1  0 1.000000000  0.000000000  0.000000000    
 2  0 1.000000000  0.000000000  0.000000000    
 3  0 1.000000000  0.000000000  0.000000000    
 4  0 1.000000000  0.000000000  0.000000000    
 5  0 1.000000000  0.000000000  0.000000000    
 6  0 1.000000000  0.000000000  0.000000000    
 7  0 0.984567901  0.000000000  0.000000000    
 0  1 1.015432099  0.015197568  0.000000000    
 1  1 1.000000000  0.000000000  0.000000000    
 2  1 1.000000000  0.000000000  0.000000000    
 3  1 1.000000000  0.000000000  0.000000000    
 4  1 1.000000000  0.000000000  0.000000000    
 5  1 1.000000000  0.000000000  0.000000000    
 6  1 1.000000000  0.000000000  0.000000000    
 7  1 0.984567901  0.015673981  0.000000000    
 0  2 1.015432099  0.015197568  0.000000000    
 1  2 1.000000000  0.000000000  0.000000000    
 2  2 1.000000000  0.000000000  0.000000000    
 3  2 1.000000000  0.000000000  0.000000000    
 4  2 1.000000000  0.000000000  0.000000000    
 5  2 1.000000000  0.000000000  0.000000000    
 6  2 1.000000000  0.000000000  0.000000000    
 7  2 0.984567901  0.015673981  0.000000000    
 0  3 1.015432099  0.015197568  0.000000000    
 1  3 1.000000000  0.000000000  0.000000000    
 2  3 1.000000000  0.000000000  0.000000000    
 3  3 1.000000000  0.000000000  0.000000000    
 4  3 1.000000000  0.000000000  0.000000000    
 5  3 1.000000000  0.000000000  0.000000000    
 6  3 1.000000000  0.000000000  0.000000000    
 7  3 0.984567901  0.015673981  0.000000000    
 0  4 1.015432099  0.015197568  0.000000000    
 1  4 1.000000000  0.000000000  0.000000000    
 2  4 1.000000000  0.000000000  0.000000000    
 3  4 1.000000000  0.000000000  0.000000000    
 4  4 1.000000000  0.000000000  0.000000000    
 5  4 1.000000000  0.000000000  0.000000000    
 6  4 1.000000000  0.000000000  0.000000000    
 7  4 0.984567901  0.015673981  0.000000000    
 0  5 1.015432099  0.015197568  0.000000000    
 1  5 1.000000000  0.000000000  0.000000000    
 2  5 1.000000000  0.000000000  0.000000000    
 3  5 1.000000000  0.000000000  0.000000000    
 4  5 1.000000000  0.000000000  0.000000000    
 5  5 1.000000000  0.000000000  0.000000000    
 6  5 1.000000000  0.000000000  0.000000000    
 7  5 0.984567901  0.015673981  0.000000000    
 0  6 1.015432099  0.015197568  0.000000000    
 1  6 1.000000000  0.000000000  0.000000000    
 2  6 1.000000000  0.000000000  0.000000000    
 3  6 1.000000000  0.000000000  0.000000000    
 4  6 1.000000000  0.000000000  0.000000000    
 5  6 1.000000000  0.000000000  0.000000000    
 6  6 1.000000000  0.000000000  0.000000000    
 7  6 0.984567901  0.015673981  0.000000000    
 0  7 1.015432099  0.000000000  0.000000000    
 1  7 1.000000000  0.000000000  0.000000000    
 2  7 1.000000000  0.000000000  0.000000000    
 3  7 1.000000000  0.000000000  0.000000000    
 4  7 1.000000000  0.000000000  0.000000000    
 5  7 1.000000000  0.000000000  0.000000000    
 6  7 1.000000000  0.000000000  0.000000000    
 7  7 0.984567901  0.000000000  0.000000000    
 